10
Barcelona         0  2892  1139  1499  859   10769 3009  8541  8381  8803
El Cairo       2892     0  3511  2891  2132  12053 2902  9887  11034 7544
Londres        1139  3511     0  931   1433  11441 2500  9279  7540  8141
Berlin         1499  2891   931     0  1182  12218 1608  10010 8167  7357
Roma  	       859   2132  1433  1182     0  11446 2375  9200  8965  8125
Buenos Aires   10769 12053 11441 12218 11446     0 13778 2248  9717  19571
Moscu	       3009  2902  2500  1608  2375  13778    0  11546 8824  5793
Rio de Janeiro 8541  9887  9279  10010 9200  2248  11546    0  9458  17323
Denver         8381  11034 7540  8167  8965  9717  8824  9458     0  10213
Beijing        8803  7544  8141  7357  8125  19571 5793  17323 10213    0
